Webots Project File version R2019b
perspectives: 000000ff00000000fd0000000300000000000002b900000298fc0100000002fb0000001e00480074006d006c0052006f0062006f007400570069006e0064006f00770000000000000002b90000000000000000fb0000001a0044006f00630075006d0065006e0074006100740069006f006e0000000000ffffffff0000005400ffffff000000010000015f00000233fc0200000001fb0000001400540065007800740045006400690074006f00720100000015000002330000009d00ffffff00000003000005560000005ffc0100000001fb0000000e0043006f006e0073006f006c00650100000000000005560000005400ffffff000003f10000023300000001000000020000000100000008fc00000000
simulationViewPerspectives: 000000ff000000010000000200000118000002eb0100000006010000000100
sceneTreePerspectives: 000000ff0000000100000002000000c0000000fe0100000006010000000200
maximizedDockId: -1
centralWidgetVisible: 1
selectionDisabled: 0
viewpointLocked: 0
orthographicViewHeight: 1
textFiles: 0 "controllers/my_controllerC/my_controllerC.c"
globalOptionalRendering: CameraFrustums
renderingDevicePerspectives: KBOT:display;1;3.29;0.452282;0.0613861
renderingDevicePerspectives: KBOT:camera;1;9.0375;0;0
renderingDevicePerspectives: KBOT:range-finder;1;0.339844;0.0193638;0.213861
