Webots Project File version R2019b
perspectives: 000000ff00000000fd0000000300000000000002b900000298fc0100000002fb0000001e00480074006d006c0052006f0062006f007400570069006e0064006f00770000000000000002b90000000000000000fb0000001a0044006f00630075006d0065006e0074006100740069006f006e0000000000ffffffff0000005400ffffff000000010000015f00000183fc0200000001fb0000001400540065007800740045006400690074006f00720100000015000001830000009d00ffffff000000030000038e0000005ffc0100000001fb0000000e0043006f006e0073006f006c006501000000000000038e0000005400ffffff000002290000018300000001000000020000000100000008fc00000000
simulationViewPerspectives: 000000ff000000010000000200000000000003eb0100000006010000000100
sceneTreePerspectives: 000000ff0000000100000002000000c0000000fe0100000006010000000200
maximizedDockId: -1
centralWidgetVisible: 1
selectionDisabled: 0
viewpointLocked: 0
orthographicViewHeight: 1
textFiles: 0 "controllers/my_controllerC/my_controllerC.c"
globalOptionalRendering: CameraFrustums
renderingDevicePerspectives: KBOT:range-finder;1;0.164063;0;0.0528053
renderingDevicePerspectives: KBOT:camera;1;1.41667;3.52643e-09;0
renderingDevicePerspectives: KBOT:display;1;2.53125;0.227318;0
